1 0.000000
2 0.000000
3 8.000000
4 8.000000
5 27.000000
6 27.000000
7 125.000000
8 125.000000
9 216.000000
10 216.000000
11 343.000000
12 343.000000
13 343.000000
14 512.000000
15 512.000000
16 512.000000
17 512.000000
18 729.000000
19 729.000000
20 729.000000
21 729.000000
22 729.000000
23 1000.000000
24 1000.000000
25 1000.000000
26 1000.000000
27 2744.000000
28 2744.000000
29 2744.000000
30 2744.000000
31 4913.000000
32 4913.000000
33 4913.000000
34 4913.000000
35 4913.000000
36 4913.000000
37 4913.000000
38 4913.000000
39 4913.000000
40 4913.000000
41 6859.000000
42 6859.000000
43 6859.000000
44 6859.000000
45 6859.000000
46 6859.000000
47 9261.000000
48 9261.000000
49 9261.000000
50 9261.000000
51 9261.000000
52 9261.000000
53 8000.000000
54 10648.000000
55 13824.000000
56 13824.000000
57 13824.000000
58 13824.000000
59 13824.000000
60 13824.000000
61 13824.000000
62 15625.000000
63 17576.000000
64 17576.000000
65 17576.000000
66 17576.000000
67 17576.000000
68 17576.000000
69 17576.000000
70 15625.000000
71 19683.000000
72 17576.000000
73 21952.000000
74 21952.000000
75 19683.000000
76 19683.000000
77 19683.000000
78 19683.000000
79 19683.000000
80 19683.000000
81 19683.000000
82 21952.000000
83 24389.000000
84 24389.000000
85 24389.000000
86 24389.000000
87 24389.000000
88 24389.000000
89 24389.000000
90 21952.000000
91 24389.000000
92 24389.000000
93 24389.000000
94 27000.000000
95 27000.000000
96 27000.000000
97 29791.000000
98 29791.000000
99 29791.000000
100 29791.000000
101 29791.000000
102 29791.000000
103 29791.000000
104 29791.000000
105 29791.000000
106 29791.000000
107 32768.000000
108 32768.000000
109 35937.000000
110 39304.000000
111 39304.000000
112 39304.000000
113 39304.000000
114 39304.000000
115 39304.000000
116 39304.000000
117 39304.000000
118 39304.000000
119 39304.000000
120 35937.000000
121 39304.000000
122 39304.000000
123 39304.000000
124 42875.000000
125 42875.000000
126 46656.000000
127 46656.000000
128 46656.000000
129 46656.000000
130 46656.000000
131 46656.000000
132 46656.000000
133 46656.000000
134 46656.000000
135 46656.000000
136 46656.000000
137 46656.000000
138 46656.000000
139 46656.000000
140 46656.000000
141 46656.000000
142 46656.000000
143 50653.000000
144 50653.000000
145 50653.000000
146 54872.000000
147 54872.000000
148 54872.000000
149 54872.000000
150 54872.000000
151 54872.000000
152 54872.000000
153 54872.000000
154 50653.000000
155 54872.000000
156 54872.000000
157 54872.000000
158 54872.000000
159 54872.000000
160 54872.000000
161 54872.000000
162 54872.000000
163 54872.000000
164 54872.000000
165 59319.000000
166 59319.000000
167 59319.000000
168 59319.000000
169 59319.000000
170 59319.000000
171 59319.000000
172 59319.000000
173 59319.000000
174 59319.000000
175 64000.000000
176 59319.000000
177 59319.000000
178 59319.000000
179 59319.000000
180 59319.000000
181 59319.000000
182 59319.000000
183 64000.000000
184 59319.000000
185 64000.000000
186 59319.000000
187 59319.000000
188 64000.000000
189 64000.000000
190 64000.000000
191 64000.000000
192 64000.000000
193 68921.000000
194 68921.000000
195 74088.000000
196 68921.000000
197 68921.000000
198 68921.000000
199 74088.000000
200 74088.000000
201 68921.000000
202 68921.000000
203 68921.000000
204 68921.000000
205 68921.000000
206 68921.000000
207 74088.000000
208 74088.000000
209 74088.000000
210 74088.000000
211 68921.000000
212 68921.000000
213 68921.000000
214 68921.000000
215 74088.000000
216 74088.000000
217 74088.000000
218 74088.000000
219 74088.000000
220 79507.000000
221 79507.000000
222 79507.000000
223 79507.000000
224 79507.000000
225 79507.000000
226 79507.000000
227 79507.000000
228 79507.000000
229 79507.000000
230 79507.000000
231 79507.000000
232 79507.000000
233 79507.000000
234 79507.000000
235 85184.000000
236 79507.000000
237 79507.000000
238 79507.000000
239 79507.000000
240 79507.000000
241 79507.000000
242 79507.000000
243 85184.000000
244 85184.000000
245 79507.000000
246 79507.000000
247 79507.000000
248 85184.000000
249 85184.000000
250 85184.000000
251 85184.000000
252 85184.000000
253 91125.000000
254 91125.000000
255 91125.000000
256 85184.000000
257 91125.000000
258 91125.000000
259 91125.000000
260 91125.000000
261 91125.000000
262 91125.000000
263 91125.000000
264 91125.000000
265 97336.000000
266 91125.000000
267 91125.000000
268 91125.000000
269 91125.000000
270 91125.000000
271 91125.000000
272 91125.000000
273 91125.000000
274 91125.000000
275 91125.000000
276 91125.000000
277 91125.000000
278 91125.000000
279 91125.000000
280 91125.000000
281 91125.000000
282 91125.000000
283 91125.000000
284 91125.000000
285 91125.000000
286 97336.000000
287 97336.000000
288 91125.000000
289 91125.000000
290 97336.000000
291 97336.000000
292 97336.000000
293 97336.000000
294 103823.000000
295 103823.000000
296 103823.000000
297 103823.000000
298 103823.000000
299 103823.000000
300 103823.000000
301 103823.000000
302 103823.000000
303 103823.000000
304 97336.000000
305 97336.000000
306 97336.000000
307 97336.000000
308 97336.000000
309 97336.000000
310 97336.000000
311 97336.000000
312 97336.000000
313 103823.000000
314 103823.000000
315 103823.000000
316 103823.000000
317 103823.000000
318 103823.000000
319 103823.000000
320 97336.000000
321 97336.000000
322 103823.000000
323 103823.000000
324 103823.000000
325 103823.000000
326 103823.000000
327 103823.000000
328 103823.000000
329 103823.000000
330 103823.000000
331 103823.000000
332 103823.000000
333 110592.000000
334 110592.000000
335 110592.000000
336 110592.000000
337 110592.000000
338 110592.000000
339 110592.000000
340 110592.000000
341 110592.000000
342 110592.000000
343 110592.000000
344 110592.000000
345 110592.000000
346 110592.000000
347 110592.000000
348 110592.000000
349 110592.000000
350 110592.000000
351 110592.000000
352 110592.000000
353 117649.000000
354 110592.000000
355 110592.000000
356 110592.000000
357 110592.000000
358 110592.000000
359 110592.000000
360 110592.000000
361 110592.000000
362 110592.000000
363 110592.000000
364 110592.000000
365 110592.000000
366 110592.000000
367 110592.000000
368 110592.000000
369 110592.000000
370 110592.000000
371 110592.000000
372 110592.000000
373 110592.000000
374 110592.000000
375 110592.000000
376 110592.000000
377 110592.000000
378 110592.000000
379 110592.000000
380 117649.000000
381 117649.000000
382 117649.000000
383 117649.000000
384 117649.000000
385 117649.000000
386 117649.000000
387 117649.000000
388 117649.000000
389 117649.000000
390 125000.000000
391 125000.000000
392 125000.000000
393 125000.000000
394 125000.000000
395 125000.000000
396 125000.000000
397 125000.000000
398 125000.000000
399 125000.000000
400 125000.000000
401 125000.000000
402 125000.000000
403 125000.000000
404 125000.000000
405 125000.000000
406 117649.000000
407 117649.000000
408 117649.000000
409 117649.000000
410 117649.000000
411 125000.000000
412 125000.000000
413 125000.000000
414 125000.000000
415 125000.000000
416 125000.000000
417 125000.000000
418 125000.000000
419 125000.000000
420 125000.000000
421 125000.000000
422 125000.000000
423 125000.000000
424 125000.000000
425 125000.000000
426 125000.000000
427 125000.000000
428 125000.000000
429 125000.000000
430 125000.000000
431 125000.000000
432 125000.000000
433 125000.000000
434 125000.000000
435 125000.000000
436 125000.000000
437 125000.000000
438 125000.000000
439 125000.000000
440 132651.000000
441 132651.000000
442 132651.000000
443 132651.000000
444 132651.000000
445 132651.000000
446 132651.000000
447 132651.000000
448 132651.000000
449 132651.000000
450 132651.000000
451 132651.000000
452 132651.000000
453 132651.000000
454 132651.000000
455 132651.000000
456 132651.000000
457 132651.000000
458 132651.000000
459 132651.000000
460 132651.000000
461 132651.000000
462 132651.000000
463 132651.000000
464 132651.000000
465 132651.000000
466 132651.000000
467 132651.000000
468 132651.000000
469 132651.000000
470 132651.000000
471 132651.000000
472 132651.000000
473 132651.000000
474 132651.000000
475 132651.000000
476 132651.000000
477 132651.000000
478 132651.000000
479 132651.000000
480 132651.000000
481 132651.000000
482 132651.000000
483 132651.000000
484 132651.000000
485 132651.000000
486 132651.000000
487 140608.000000
488 132651.000000
489 132651.000000
490 132651.000000
491 140608.000000
492 140608.000000
493 140608.000000
494 140608.000000
495 140608.000000
496 140608.000000
497 140608.000000
498 140608.000000
499 140608.000000
500 140608.000000
501 140608.000000
502 140608.000000
503 140608.000000
504 140608.000000
505 140608.000000
506 140608.000000
507 140608.000000
508 140608.000000
509 140608.000000
510 140608.000000
511 140608.000000
512 140608.000000
513 140608.000000
514 140608.000000
515 140608.000000
516 140608.000000
517 148877.000000
518 148877.000000
519 148877.000000
520 148877.000000
521 148877.000000
522 148877.000000
523 148877.000000
524 148877.000000
525 148877.000000
526 148877.000000
527 148877.000000
528 148877.000000
529 148877.000000
530 148877.000000
531 148877.000000
532 148877.000000
533 148877.000000
534 148877.000000
535 148877.000000
536 148877.000000
537 148877.000000
538 148877.000000
539 148877.000000
540 148877.000000
541 148877.000000
542 148877.000000
543 148877.000000
544 148877.000000
545 148877.000000
546 148877.000000
547 148877.000000
548 148877.000000
549 148877.000000
550 148877.000000
551 148877.000000
552 148877.000000
553 148877.000000
554 148877.000000
555 148877.000000
556 148877.000000
557 148877.000000
558 148877.000000
559 148877.000000
560 148877.000000
561 148877.000000
562 148877.000000
563 148877.000000
564 148877.000000
565 148877.000000
566 148877.000000
567 148877.000000
568 148877.000000
569 148877.000000
570 148877.000000
571 148877.000000
572 148877.000000
573 148877.000000
574 148877.000000
575 148877.000000
576 148877.000000
577 148877.000000
578 148877.000000
579 148877.000000
580 148877.000000
581 148877.000000
582 148877.000000
583 148877.000000
584 148877.000000
585 148877.000000
586 148877.000000
587 148877.000000
588 148877.000000
589 157464.000000
590 157464.000000
591 157464.000000
592 157464.000000
593 157464.000000
594 157464.000000
595 157464.000000
596 157464.000000
597 157464.000000
598 157464.000000
599 157464.000000
600 157464.000000
601 157464.000000
602 157464.000000
603 157464.000000
604 157464.000000
605 157464.000000
606 157464.000000
607 148877.000000
608 148877.000000
609 157464.000000
610 157464.000000
611 157464.000000
612 148877.000000
613 148877.000000
614 148877.000000
615 148877.000000
616 148877.000000
617 157464.000000
618 148877.000000
619 157464.000000
620 157464.000000
621 157464.000000
622 157464.000000
623 157464.000000
624 157464.000000
625 157464.000000
626 157464.000000
627 157464.000000
628 157464.000000
629 157464.000000
630 157464.000000
631 157464.000000
632 157464.000000
633 157464.000000
634 157464.000000
635 157464.000000
636 157464.000000
637 157464.000000
638 157464.000000
639 157464.000000
640 157464.000000
641 157464.000000
642 157464.000000
643 157464.000000
644 157464.000000
645 157464.000000
646 157464.000000
647 157464.000000
648 157464.000000
649 157464.000000
650 157464.000000
651 157464.000000
652 157464.000000
653 157464.000000
654 157464.000000
655 157464.000000
656 157464.000000
657 157464.000000
658 157464.000000
659 157464.000000
660 157464.000000
661 166375.000000
662 157464.000000
663 157464.000000
664 166375.000000
665 166375.000000
666 166375.000000
667 166375.000000
668 166375.000000
669 166375.000000
670 166375.000000
671 166375.000000
672 166375.000000
673 166375.000000
674 166375.000000
675 166375.000000
676 166375.000000
677 166375.000000
678 166375.000000
679 166375.000000
680 166375.000000
681 166375.000000
682 166375.000000
683 166375.000000
684 166375.000000
685 166375.000000
686 166375.000000
687 166375.000000
688 166375.000000
689 166375.000000
690 166375.000000
691 166375.000000
692 166375.000000
693 166375.000000
694 166375.000000
695 175616.000000
696 166375.000000
697 175616.000000
698 175616.000000
699 175616.000000
700 175616.000000
701 175616.000000
702 175616.000000
703 175616.000000
704 175616.000000
705 175616.000000
706 175616.000000
707 175616.000000
708 175616.000000
709 175616.000000
710 175616.000000
711 175616.000000
712 175616.000000
713 175616.000000
714 175616.000000
715 175616.000000
716 175616.000000
717 175616.000000
718 175616.000000
719 175616.000000
720 175616.000000
721 175616.000000
722 175616.000000
723 175616.000000
724 175616.000000
725 166375.000000
726 166375.000000
727 166375.000000
728 166375.000000
729 166375.000000
730 166375.000000
731 175616.000000
732 175616.000000
733 175616.000000
734 175616.000000
735 175616.000000
736 175616.000000
737 175616.000000
738 175616.000000
739 175616.000000
740 175616.000000
741 175616.000000
742 175616.000000
743 175616.000000
744 175616.000000
745 175616.000000
746 175616.000000
747 175616.000000
748 175616.000000
749 175616.000000
750 175616.000000
751 175616.000000
752 175616.000000
753 175616.000000
754 175616.000000
755 175616.000000
756 175616.000000
757 175616.000000
758 175616.000000
759 175616.000000
760 175616.000000
761 175616.000000
762 175616.000000
763 175616.000000
764 175616.000000
765 175616.000000
766 175616.000000
767 175616.000000
768 175616.000000
769 175616.000000
770 175616.000000
771 175616.000000
772 175616.000000
773 175616.000000
774 175616.000000
775 175616.000000
776 175616.000000
777 175616.000000
778 175616.000000
779 175616.000000
780 175616.000000
781 185193.000000
782 185193.000000
783 185193.000000
784 185193.000000
785 185193.000000
786 185193.000000
787 185193.000000
788 185193.000000
789 185193.000000
790 185193.000000
791 185193.000000
792 185193.000000
793 185193.000000
794 185193.000000
795 185193.000000
796 185193.000000
797 185193.000000
798 185193.000000
799 185193.000000
800 185193.000000
801 185193.000000
802 185193.000000
803 185193.000000
804 185193.000000
805 185193.000000
806 185193.000000
807 185193.000000
808 185193.000000
809 185193.000000
810 185193.000000
811 185193.000000
812 185193.000000
813 185193.000000
814 185193.000000
815 185193.000000
816 185193.000000
817 185193.000000
818 185193.000000
819 185193.000000
820 185193.000000
821 185193.000000
822 185193.000000
823 185193.000000
824 185193.000000
825 185193.000000
826 185193.000000
827 185193.000000
828 185193.000000
829 185193.000000
830 185193.000000
831 185193.000000
832 185193.000000
833 185193.000000
834 185193.000000
835 185193.000000
836 185193.000000
837 185193.000000
838 185193.000000
839 185193.000000
840 185193.000000
841 185193.000000
842 185193.000000
843 185193.000000
844 185193.000000
845 185193.000000
846 185193.000000
847 185193.000000
848 185193.000000
849 185193.000000
850 185193.000000
851 185193.000000
852 185193.000000
853 185193.000000
854 185193.000000
855 185193.000000
856 185193.000000
857 185193.000000
858 185193.000000
859 185193.000000
860 185193.000000
861 185193.000000
862 185193.000000
863 185193.000000
864 185193.000000
865 185193.000000
866 185193.000000
867 185193.000000
868 185193.000000
869 185193.000000
870 185193.000000
871 185193.000000
872 185193.000000
873 195112.000000
874 195112.000000
875 195112.000000
876 195112.000000
877 195112.000000
878 195112.000000
879 195112.000000
880 195112.000000
881 195112.000000
882 195112.000000
883 195112.000000
884 195112.000000
885 195112.000000
886 195112.000000
887 195112.000000
888 195112.000000
889 195112.000000
890 195112.000000
891 195112.000000
892 195112.000000
893 195112.000000
894 195112.000000
895 195112.000000
896 195112.000000
897 195112.000000
898 195112.000000
899 195112.000000
900 195112.000000
901 195112.000000
902 195112.000000
903 195112.000000
904 195112.000000
905 195112.000000
906 195112.000000
907 195112.000000
908 195112.000000
909 195112.000000
910 195112.000000
911 195112.000000
912 195112.000000
913 195112.000000
914 195112.000000
915 195112.000000
916 195112.000000
917 195112.000000
918 195112.000000
919 195112.000000
920 195112.000000
921 195112.000000
922 195112.000000
923 195112.000000
924 195112.000000
925 195112.000000
926 205379.000000
927 205379.000000
928 205379.000000
929 205379.000000
930 205379.000000
931 205379.000000
932 205379.000000
933 205379.000000
934 205379.000000
935 205379.000000
936 205379.000000
937 205379.000000
938 205379.000000
939 205379.000000
940 205379.000000
941 205379.000000
942 205379.000000
943 205379.000000
944 205379.000000
945 205379.000000
946 205379.000000
947 205379.000000
948 205379.000000
949 205379.000000
950 205379.000000
951 205379.000000
952 205379.000000
953 205379.000000
954 205379.000000
955 205379.000000
956 205379.000000
957 205379.000000
958 205379.000000
959 205379.000000
960 205379.000000
961 205379.000000
962 205379.000000
963 205379.000000
964 205379.000000
965 205379.000000
966 205379.000000
967 205379.000000
968 205379.000000
969 205379.000000
970 205379.000000
971 205379.000000
972 205379.000000
973 205379.000000
974 205379.000000
975 205379.000000
976 205379.000000
977 205379.000000
978 205379.000000
979 205379.000000
980 205379.000000
981 205379.000000
982 205379.000000
983 205379.000000
984 205379.000000
985 205379.000000
986 205379.000000
987 205379.000000
988 205379.000000
989 205379.000000
990 205379.000000
991 205379.000000
992 205379.000000
993 205379.000000
994 205379.000000
995 205379.000000
996 205379.000000
997 205379.000000
998 205379.000000
999 205379.000000
